V(1) [kV]	V(2) [kV]	V(3) [kV]	I(1) [mA]	I(2) [mA]	I(3) [mA]	MeanV [kV]	MeanI[mA]	SetV [kV]
0.0045117	0.0048611	0.0047751	-0.0004597	-0.0004625	-0.0004622	0.0047160	-0.0004615	0.0000000	3781698819.2696705
0.0931867	0.1046198	0.1057290	-0.0002006	-0.0004195	-0.0003935	0.1011785	-0.0003379	0.1000000	3781698820.4529438
0.1837003	0.2052826	0.2060784	0.0000001	-0.0004023	-0.0004318	0.1983538	-0.0002780	0.2000000	3781698821.6274071
0.2866654	0.3047665	0.3052377	-0.0000569	-0.0004156	-0.0004171	0.2988898	-0.0002965	0.3000000	3781698822.7909551
0.3913634	0.4047799	0.4049462	-0.0001209	-0.0004385	-0.0004227	0.4003632	-0.0003274	0.4000000	3781698823.9708185
0.4886049	0.5050150	0.5053754	-0.0000631	-0.0004409	-0.0004623	0.4996651	-0.0003221	0.5000000	3781698825.1181464
0.5879530	0.6051670	0.6058878	-0.0001438	-0.0004281	-0.0004641	0.5996693	-0.0003453	0.6000000	3781698826.2808561
0.6820343	0.7039053	0.7050418	-0.0000171	-0.0004460	-0.0004389	0.6969938	-0.0003007	0.7000000	3781698827.4495344
0.7871482	0.8038079	0.8045563	-0.0000711	-0.0003912	-0.0004208	0.7985041	-0.0002944	0.8000000	3781698828.6134825
0.8856647	0.9040707	0.9053736	-0.0000596	-0.0004266	-0.0004466	0.8983697	-0.0003109	0.9000000	3781698829.7692809
0.9824626	1.0041673	1.0055810	0.0000279	-0.0004178	-0.0004263	0.9974037	-0.0002720	1.0000000	3781698830.9159808
1.0856638	1.1042916	1.1050400	-0.0000320	-0.0004170	-0.0004376	1.0983318	-0.0002956	1.1000000	3781698832.0683050
1.1806045	1.2044159	1.2051920	0.0000553	-0.0003881	-0.0004554	1.1967375	-0.0002627	1.2000000	3781698833.2084751
1.2839166	1.3042907	1.3051223	-0.0000170	-0.0003969	-0.0004077	1.2977765	-0.0002739	1.3000000	3781698834.3562198
1.3909985	1.4045259	1.4049417	-0.0001738	-0.0004104	-0.0004220	1.4001554	-0.0003354	1.4000000	3781698835.5029745
1.4894874	1.5045393	1.5047887	-0.0000903	-0.0004291	-0.0003962	1.4996051	-0.0003052	1.5000000	3781698836.6549048
1.5905818	1.6044418	1.6052734	-0.0001193	-0.0003841	-0.0004029	1.6000990	-0.0003021	1.6000000	3781698837.7933073
1.6777887	1.7047324	1.7055640	0.0001017	-0.0003960	-0.0003978	1.6960284	-0.0002307	1.7000000	3781698838.9645410
1.7927431	1.8043577	1.8045240	-0.0001421	-0.0003804	-0.0003924	1.8005416	-0.0003050	1.8000000	3781698840.1131935
1.8906775	1.9043434	1.9046761	-0.0001135	-0.0003797	-0.0003806	1.8998990	-0.0002912	1.9000000	3781698841.2643232
1.9868101	2.0040796	2.0046894	-0.0000395	-0.0003991	-0.0003973	1.9985264	-0.0002786	2.0000000	3781698842.4051962
2.0895954	2.1045088	2.1048968	-0.0001240	-0.0004285	-0.0004627	2.0996670	-0.0003384	2.1000000	3781698843.5554438
2.1899138	2.2044112	2.2049934	-0.0001462	-0.0004124	-0.0003959	2.1997728	-0.0003182	2.2000000	3781698844.7220006
2.2916180	2.3046188	2.3053672	-0.0001118	-0.0003938	-0.0004073	2.3005347	-0.0003043	2.3000000	3781698845.8634362
2.3805990	2.4039890	2.4048214	0.0000640	-0.0003642	-0.0003928	2.3964698	-0.0002310	2.4000000	3781698847.0368304
2.4841682	2.5035888	2.5041436	-0.0000245	-0.0003670	-0.0004324	2.4973002	-0.0002746	2.5000000	3781698848.1920838
2.5812710	2.6045758	2.6037434	0.0000637	-0.0003707	-0.0003749	2.5965301	-0.0002273	2.6000000	3781698849.3436279
2.6889166	2.7038982	2.7047304	-0.0000381	-0.0003672	-0.0003560	2.6991817	-0.0002538	2.7000000	3781698850.5129471
2.7860194	2.8034978	2.8037754	-0.0000131	-0.0003438	-0.0003663	2.7977642	-0.0002411	2.8000000	3781698851.6650968
2.8842320	2.9039300	2.9042074	0.0000680	-0.0003610	-0.0003255	2.8974565	-0.0002062	2.9000000	3781698852.8200383
2.9882708	3.0043620	3.0046396	0.0000366	-0.0003062	-0.0003189	2.9990908	-0.0001962	3.0000000	3781698853.9725513
3.0853736	3.1039618	3.1050716	0.0001165	-0.0002431	-0.0002966	3.0981357	-0.0001411	3.1000000	3781698855.1280193
3.1916318	3.2038390	3.2049488	0.0000788	-0.0001766	-0.0002093	3.2001399	-0.0001024	3.2000000	3781698856.2974367
3.2895670	3.3045486	3.3048260	0.0002423	0.0000251	-0.0000256	3.2996472	0.0000806	3.3000000	3781698857.4486942
3.3913862	3.4038710	3.4044258	0.0004525	0.0002049	0.0001931	3.3998943	0.0002835	3.4000000	3781698858.5966010
3.4901538	3.5031932	3.5034706	0.0009057	0.0006794	0.0006957	3.4989392	0.0007603	3.5000000	3781698859.7556486
3.5878114	3.6039028	3.6039028	0.0016493	0.0013828	0.0014011	3.5985390	0.0014777	3.6000000	3781698860.9077134
3.6740942	3.7029476	3.7046124	0.0030182	0.0025513	0.0025087	3.6938847	0.0026927	3.7000000	3781698862.0768094
3.7903402	3.8031024	3.8031024	0.0044141	0.0042489	0.0042430	3.7988483	0.0043020	3.8000000	3781698863.2237329
3.8763456	3.9032570	3.9032570	0.0070441	0.0068105	0.0067593	3.8942865	0.0068713	3.9000000	3781698864.3869758
3.9823264	4.0031342	4.0039666	0.0106995	0.0105013	0.0105531	3.9964757	0.0105847	4.0000000	3781698865.5476799
4.0808164	4.1030114	4.1041212	0.0158602	0.0158117	0.0158297	4.0959830	0.0158339	4.1000000	3781698866.7005353
4.1856876	4.2031660	4.2039984	0.0232783	0.0233172	0.0232887	4.1976173	0.0232948	4.2000000	3781698867.8573289
4.2861196	4.3033208	4.3038756	0.0332830	0.0335069	0.0336311	4.2977720	0.0334736	4.3000000	3781698869.0292702
4.3868292	4.4026430	4.4034754	0.0468314	0.0474171	0.0474517	4.3976492	0.0472334	4.4000000	3781698870.2000542
4.4794930	4.5022428	4.5033526	0.0645446	0.0655959	0.0655557	4.4950295	0.0652320	4.5000000	3781698871.3658218
4.5771508	4.6021200	4.6032298	0.0881433	0.0898675	0.0898372	4.5941669	0.0892827	4.6000000	3781698872.5202818
4.6839638	4.7022746	4.7033844	0.1194380	0.1204044	0.1207097	4.6965409	0.1201840	4.7000000	3781698873.6842065
4.7805118	4.8018744	4.8027068	0.1566994	0.1593124	0.1591868	4.7950310	0.1583995	4.8000000	3781698874.8366303
4.8853830	4.9011968	4.9020292	0.2053669	0.2083823	0.2066513	4.8962030	0.2068002	4.9000000	3781698875.9971862
